7,98,1
10,100,1
2,95,1
10,95,1
7,98,1
5,96,1
10,98,1
4,99,1
9,95,1
9,100,1
9,95,1
5,97,1
9,98,1
4,97,1
6,97,1
7,99,1
4,99,1
3,97,1
4,98,1
3,100,1
7,88,2
2,87,2
9,90,2
8,89,2
6,88,2
6,89,2
3,88,2
9,89,2
1,87,2
5,90,2
3,87,2
4,89,2
3,87,2
8,87,2
3,87,2
1,87,2
7,90,2
3,87,2
4,89,2
5,87,2
14,95,2
11,95,2
12,94,2
12,93,2
11,94,2
13,92,2
12,91,2
13,95,2
11,92,2
14,93,2
14,93,2
11,92,2
12,91,2
11,94,2
14,95,2
11,95,2
13,95,2
11,93,2
13,93,2
11,92,2
1,87,3
5,86,3
1,87,3
9,86,3
10,86,3
9,87,3
9,85,3
5,87,3
1,87,3
2,87,3
7,86,3
7,87,3
4,87,3
1,87,3
5,86,3
1,87,3
2,86,3
3,86,3
1,85,3
10,85,3
13,89,3
14,92,3
13,91,3
11,89,3
12,88,3
13,90,3
14,89,3
14,88,3
14,89,3
13,92,3
11,88,3
11,89,3
13,88,3
14,89,3
11,92,3
12,91,3
13,92,3
13,91,3
14,89,3
11,92,3
15,94,3
17,93,3
16,95,3
17,94,3
16,95,3
15,94,3
16,95,3
18,93,3
16,93,3
16,96,3
16,93,3
17,93,3
17,93,3
17,94,3
17,95,3
18,93,3
17,96,3
16,93,3
15,93,3
17,93,3
3,84,4
7,84,4
4,84,4
4,84,4
2,83,4
4,83,4
8,82,4
7,85,4
8,83,4
3,83,4
10,85,4
8,85,4
6,85,4
4,84,4
3,85,4
4,82,4
3,82,4
6,84,4
5,85,4
5,82,4
13,87,4
11,86,4
13,86,4
11,88,4
11,86,4
11,86,4
14,87,4
11,88,4
12,87,4
11,87,4
13,87,4
12,86,4
12,86,4
14,88,4
11,86,4
13,87,4
12,86,4
14,87,4
11,87,4
13,87,4
17,91,4
15,91,4
18,92,4
18,89,4
17,90,4
18,92,4
18,90,4
18,91,4
15,89,4
15,90,4
17,91,4
17,92,4
18,90,4
15,89,4
18,92,4
16,91,4
18,90,4
17,92,4
18,92,4
15,91,4
20,95,4
20,94,4
19,94,4
19,95,4
22,94,4
20,94,4
21,93,4
19,95,4
19,95,4
22,94,4
22,93,4
21,94,4
19,95,4
22,95,4
22,94,4
20,94,4
21,94,4
19,96,4
19,94,4
22,93,4
10,81,5
1,82,5
4,82,5
5,81,5
4,82,5
5,82,5
5,82,5
3,80,5
5,82,5
8,81,5
5,82,5
5,82,5
2,82,5
5,81,5
3,81,5
2,82,5
9,81,5
1,80,5
1,80,5
5,80,5
12,84,5
13,85,5
13,83,5
14,83,5
14,84,5
13,84,5
12,84,5
12,83,5
11,84,5
13,85,5
13,84,5
13,84,5
11,85,5
11,83,5
12,84,5
11,83,5
14,84,5
12,84,5
12,84,5
13,83,5
17,88,5
18,87,5
17,86,5
18,88,5
17,86,5
17,89,5
18,86,5
17,89,5
17,88,5
17,89,5
17,87,5
15,87,5
17,86,5
18,86,5
16,87,5
16,87,5
16,89,5
18,86,5
15,87,5
17,88,5
19,90,5
19,90,5
22,93,5
22,93,5
19,92,5
22,90,5
21,93,5
22,91,5
20,93,5
21,93,5
21,92,5
19,91,5
19,92,5
20,90,5
20,90,5
20,91,5
21,93,5
21,90,5
22,91,5
21,91,5
20,95,5
18,97,5
23,97,5
25,94,5
15,97,5
14,97,5
20,95,5
23,94,5
16,96,5
24,97,5
13,94,5
17,97,5
24,97,5
24,95,5
14,94,5
13,96,5
21,96,5
20,95,5
17,94,5
22,95,5
3,78,6
4,80,6
5,80,6
2,79,6
6,80,6
3,78,6
10,78,6
8,80,6
5,78,6
5,80,6
1,78,6
2,80,6
2,78,6
3,79,6
6,80,6
6,80,6
5,80,6
3,78,6
1,80,6
1,80,6
11,81,6
11,81,6
12,82,6
13,83,6
12,81,6
11,81,6
13,81,6
11,83,6
13,81,6
12,82,6
12,82,6
13,83,6
11,81,6
13,82,6
14,81,6
13,83,6
12,83,6
13,82,6
12,82,6
14,81,6
16,87,6
15,85,6
17,85,6
18,86,6
16,86,6
16,85,6
17,85,6
18,87,6
15,84,6
16,87,6
15,87,6
15,87,6
15,85,6
16,87,6
15,84,6
16,87,6
18,87,6
16,86,6
17,86,6
15,85,6
20,90,6
19,91,6
22,88,6
22,88,6
19,88,6
21,91,6
20,89,6
20,90,6
20,90,6
19,89,6
21,90,6
19,89,6
21,88,6
22,91,6
22,89,6
21,88,6
19,91,6
22,88,6
21,90,6
22,88,6
25,92,6
24,94,6
24,94,6
23,92,6
24,92,6
25,92,6
25,93,6
24,93,6
23,92,6
24,94,6
24,94,6
23,94,6
23,94,6
25,94,6
24,93,6
23,93,6
23,94,6
23,92,6
23,92,6
23,93,6
27,95,6
28,97,6
26,95,6
27,95,6
26,95,6
26,95,6
27,97,6
26,97,6
26,95,6
28,96,6
26,96,6
26,97,6
28,97,6
26,96,6
27,97,6
26,96,6
27,96,6
28,95,6
28,95,6
27,95,6
1,74,7
2,71,7
2,70,7
3,75,7
5,75,7
2,72,7
6,74,7
2,73,7
9,72,7
8,75,7
2,72,7
6,70,7
1,70,7
2,74,7
3,70,7
5,73,7
2,75,7
9,71,7
1,71,7
5,72,7
11,80,7
12,76,7
13,77,7
13,80,7
11,79,7
11,76,7
12,76,7
13,76,7
12,79,7
11,77,7
11,80,7
14,76,7
13,80,7
12,76,7
11,76,7
12,80,7
13,78,7
14,77,7
13,79,7
14,80,7
18,83,7
18,81,7
15,84,7
17,82,7
17,81,7
18,84,7
17,81,7
17,83,7
17,83,7
16,83,7
18,82,7
18,84,7
17,83,7
15,81,7
17,84,7
15,81,7
17,82,7
16,83,7
18,83,7
17,84,7
22,87,7
20,85,7
20,87,7
22,88,7
21,86,7
20,85,7
20,86,7
22,88,7
19,85,7
19,87,7
22,86,7
20,87,7
22,88,7
20,86,7
21,85,7
20,87,7
20,86,7
22,85,7
19,86,7
19,86,7
25,91,7
23,89,7
24,90,7
25,91,7
23,90,7
25,90,7
23,91,7
24,89,7
25,90,7
25,89,7
24,90,7
24,90,7
23,91,7
25,90,7
24,91,7
25,89,7
25,90,7
25,89,7
23,90,7
24,91,7
26,94,7
28,94,7
26,92,7
28,94,7
26,92,7
27,94,7
28,93,7
27,92,7
26,93,7
26,94,7
26,92,7
27,92,7
26,93,7
28,94,7
27,93,7
26,92,7
27,94,7
26,93,7
26,93,7
27,92,7
30,96,7
30,98,7
30,95,7
29,97,7
30,98,7
30,98,7
30,98,7
30,95,7
29,96,7
30,97,7
30,96,7
29,98,7
29,95,7
29,96,7
29,96,7
30,97,7
30,97,7
29,97,7
30,98,7
30,98,7
8,65,8
2,68,8
9,68,8
8,68,8
2,67,8
5,66,8
5,66,8
3,65,8
4,66,8
4,68,8
2,68,8
3,65,8
5,66,8
5,67,8
8,65,8
1,67,8
4,68,8
10,65,8
7,66,8
9,66,8
13,68,8
13,70,8
12,68,8
14,68,8
11,70,8
12,69,8
11,69,8
11,69,8
11,70,8
14,70,8
13,68,8
12,70,8
12,70,8
13,69,8
12,69,8
13,70,8
11,68,8
14,68,8
11,70,8
11,69,8
16,71,8
16,71,8
15,74,8
16,73,8
15,71,8
15,71,8
17,73,8
16,74,8
15,72,8
16,72,8
18,71,8
16,72,8
18,72,8
15,72,8
15,74,8
17,74,8
18,72,8
16,74,8
15,71,8
17,74,8
19,76,8
21,78,8
19,77,8
20,77,8
21,76,8
20,75,8
21,78,8
20,78,8
20,77,8
21,77,8
19,75,8
20,78,8
22,75,8
20,75,8
22,77,8
22,76,8
19,78,8
21,75,8
20,78,8
19,76,8
24,79,8
24,80,8
24,82,8
24,81,8
23,83,8
23,81,8
23,79,8
25,79,8
25,79,8
23,82,8
24,83,8
24,79,8
24,81,8
24,81,8
24,82,8
24,81,8
25,82,8
23,81,8
24,79,8
25,80,8
28,84,8
26,88,8
26,88,8
27,87,8
27,86,8
26,89,8
27,84,8
28,86,8
28,88,8
28,87,8
28,84,8
26,87,8
26,88,8
28,88,8
28,89,8
26,84,8
27,89,8
28,89,8
27,85,8
27,84,8
30,92,8
29,91,8
30,90,8
29,90,8
30,93,8
29,93,8
30,92,8
29,93,8
29,90,8
30,90,8
30,90,8
30,90,8
29,92,8
29,90,8
29,94,8
30,94,8
29,92,8
30,92,8
29,92,8
30,93,8
31,97,8
31,96,8
32,98,8
31,98,8
31,95,8
31,98,8
33,97,8
31,96,8
32,98,8
33,97,8
33,97,8
31,95,8
32,97,8
32,97,8
32,98,8
32,98,8
31,95,8
33,96,8
31,97,8
32,95,8
