7,93,1
10,91,1
7,92,1
7,95,1
6,96,1
8,91,1
8,95,1
10,93,1
10,95,1
6,94,1
8,92,1
7,93,1
9,95,1
7,92,1
9,95,1
9,92,1
10,96,1
7,96,1
10,95,1
7,91,1
9,92,1
9,93,1
7,95,1
7,95,1
7,96,1
7,95,1
10,93,1
10,95,1
6,96,1
7,91,1
6,96,1
6,92,1
10,91,1
8,95,1
7,91,1
8,94,1
10,91,1
9,95,1
6,94,1
10,95,1
10,90,2
8,89,2
1,88,2
5,89,2
2,88,2
10,90,2
8,90,2
5,87,2
10,88,2
1,88,2
8,89,2
4,87,2
3,88,2
10,87,2
4,88,2
6,88,2
2,87,2
8,90,2
7,90,2
1,90,2
7,90,2
1,88,2
8,89,2
10,90,2
1,90,2
3,87,2
10,90,2
4,88,2
5,89,2
2,89,2
4,88,2
6,89,2
9,90,2
2,89,2
7,89,2
6,89,2
4,89,2
9,87,2
2,88,2
6,90,2
12,91,2
11,95,2
11,91,2
13,91,2
11,93,2
12,92,2
13,93,2
13,91,2
12,94,2
14,94,2
12,94,2
11,92,2
14,91,2
13,92,2
12,93,2
12,95,2
14,93,2
11,94,2
14,93,2
14,91,2
11,92,2
12,91,2
11,91,2
13,95,2
11,92,2
14,95,2
14,91,2
11,94,2
13,92,2
13,92,2
11,95,2
11,95,2
12,94,2
12,94,2
14,94,2
14,94,2
11,93,2
14,91,2
13,92,2
14,95,2
3,86,3
7,87,3
10,86,3
10,87,3
8,87,3
9,85,3
1,87,3
2,86,3
3,87,3
4,85,3
3,85,3
9,85,3
3,86,3
3,86,3
6,86,3
6,87,3
10,85,3
4,86,3
8,85,3
4,86,3
8,87,3
4,86,3
2,87,3
3,85,3
6,85,3
1,87,3
2,87,3
4,85,3
10,85,3
1,87,3
3,87,3
3,86,3
9,85,3
6,86,3
9,85,3
7,86,3
7,87,3
6,85,3
1,85,3
4,87,3
13,91,3
13,88,3
14,89,3
14,91,3
11,88,3
12,90,3
12,89,3
11,92,3
12,88,3
12,90,3
14,89,3
13,92,3
12,88,3
12,91,3
12,91,3
13,90,3
13,90,3
13,90,3
13,88,3
14,91,3
12,91,3
13,92,3
11,88,3
14,89,3
14,90,3
13,89,3
13,89,3
14,89,3
13,88,3
12,92,3
14,88,3
12,90,3
12,90,3
14,90,3
13,89,3
11,91,3
12,90,3
12,91,3
11,90,3
11,90,3
15,93,3
15,93,3
15,93,3
17,96,3
18,94,3
16,96,3
17,96,3
15,95,3
17,94,3
16,96,3
15,94,3
17,94,3
18,96,3
16,94,3
18,96,3
18,95,3
18,93,3
15,93,3
15,93,3
17,95,3
17,94,3
15,95,3
16,95,3
15,93,3
16,93,3
15,96,3
15,96,3
18,93,3
16,95,3
17,95,3
17,95,3
15,93,3
17,93,3
16,93,3
15,93,3
15,95,3
15,94,3
17,94,3
18,94,3
17,94,3
6,83,4
5,83,4
1,82,4
5,82,4
7,83,4
1,84,4
10,85,4
1,85,4
3,83,4
8,84,4
5,84,4
7,85,4
4,82,4
6,83,4
2,84,4
3,84,4
10,85,4
5,85,4
6,85,4
4,84,4
8,85,4
3,85,4
7,85,4
3,84,4
2,83,4
10,82,4
6,83,4
8,84,4
6,84,4
10,85,4
4,83,4
9,84,4
3,83,4
8,83,4
9,83,4
9,82,4
5,85,4
1,82,4
9,83,4
5,82,4
14,87,4
12,88,4
11,86,4
14,88,4
11,86,4
13,86,4
13,88,4
14,87,4
14,88,4
11,88,4
12,88,4
11,86,4
11,88,4
14,88,4
14,88,4
11,88,4
11,88,4
13,86,4
11,86,4
14,88,4
12,87,4
14,87,4
11,88,4
11,86,4
11,87,4
14,88,4
13,86,4
13,86,4
12,87,4
14,88,4
13,88,4
12,87,4
11,88,4
14,87,4
12,86,4
14,88,4
12,86,4
11,88,4
13,88,4
13,86,4
15,92,4
17,92,4
17,91,4
17,90,4
15,90,4
15,89,4
18,91,4
16,89,4
15,92,4
17,90,4
16,89,4
18,90,4
16,89,4
16,92,4
17,92,4
17,89,4
17,92,4
15,90,4
15,90,4
17,92,4
17,90,4
15,90,4
17,89,4
16,92,4
18,89,4
16,90,4
16,92,4
15,90,4
15,91,4
15,89,4
16,90,4
15,90,4
16,92,4
18,89,4
17,90,4
18,92,4
16,91,4
17,92,4
16,92,4
18,92,4
22,93,4
19,94,4
19,94,4
20,96,4
22,95,4
19,95,4
21,94,4
19,96,4
21,96,4
21,95,4
20,96,4
22,93,4
21,95,4
20,95,4
21,95,4
21,94,4
21,94,4
19,93,4
20,93,4
19,94,4
22,93,4
22,94,4
22,94,4
19,94,4
22,93,4
20,93,4
20,93,4
20,95,4
20,93,4
20,93,4
20,94,4
19,95,4
19,95,4
22,96,4
19,96,4
22,93,4
21,96,4
21,93,4
22,93,4
20,93,4
1,82,5
8,80,5
6,82,5
8,82,5
6,82,5
10,80,5
9,80,5
6,81,5
7,81,5
8,80,5
2,80,5
8,81,5
5,82,5
5,82,5
10,82,5
1,80,5
3,80,5
3,80,5
7,80,5
7,81,5
4,80,5
8,81,5
3,80,5
1,80,5
8,80,5
5,82,5
8,80,5
10,80,5
7,80,5
7,81,5
8,81,5
5,82,5
6,81,5
1,82,5
7,81,5
9,80,5
4,80,5
7,80,5
4,80,5
3,80,5
13,83,5
13,84,5
13,85,5
11,85,5
14,83,5
12,84,5
11,83,5
14,85,5
12,85,5
11,85,5
11,83,5
12,83,5
11,85,5
11,83,5
12,85,5
11,83,5
11,84,5
14,84,5
14,83,5
13,84,5
13,85,5
13,83,5
14,85,5
11,84,5
14,85,5
12,83,5
13,83,5
12,84,5
14,84,5
13,83,5
14,83,5
12,83,5
13,85,5
11,84,5
11,83,5
11,85,5
14,84,5
12,84,5
12,84,5
12,84,5
18,87,5
18,86,5
16,87,5
17,88,5
16,86,5
17,87,5
15,86,5
15,89,5
16,87,5
17,88,5
17,88,5
16,86,5
18,89,5
16,86,5
17,87,5
18,88,5
16,87,5
16,87,5
15,87,5
15,87,5
16,87,5
16,89,5
17,86,5
16,86,5
18,89,5
15,86,5
15,89,5
18,87,5
17,88,5
16,86,5
17,87,5
15,88,5
16,87,5
16,86,5
17,89,5
16,89,5
18,89,5
15,87,5
17,86,5
16,87,5
20,91,5
21,90,5
21,93,5
19,92,5
22,92,5
22,91,5
20,90,5
20,91,5
20,93,5
22,91,5
20,93,5
22,92,5
22,91,5
19,90,5
19,90,5
19,90,5
20,90,5
20,92,5
19,93,5
22,93,5
22,92,5
21,90,5
19,93,5
19,93,5
20,91,5
21,92,5
19,93,5
21,91,5
19,92,5
20,90,5
19,92,5
21,90,5
22,91,5
21,91,5
20,91,5
19,92,5
19,91,5
21,93,5
19,92,5
22,91,5
15,97,5
18,97,5
19,95,5
20,96,5
18,94,5
16,96,5
24,95,5
22,94,5
20,94,5
21,94,5
15,97,5
13,94,5
21,94,5
19,95,5
21,95,5
21,97,5
25,96,5
14,96,5
25,97,5
19,95,5
24,95,5
19,97,5
24,94,5
17,94,5
20,95,5
19,94,5
18,97,5
15,96,5
20,94,5
17,96,5
16,94,5
17,94,5
21,95,5
20,97,5
21,95,5
17,97,5
19,95,5
13,97,5
24,95,5
20,94,5
2,78,6
8,79,6
5,78,6
1,78,6
6,78,6
3,80,6
5,78,6
9,80,6
10,79,6
9,79,6
1,79,6
8,80,6
10,80,6
4,80,6
2,79,6
9,80,6
7,78,6
1,78,6
10,80,6
5,80,6
9,80,6
3,78,6
10,80,6
8,80,6
8,80,6
2,79,6
10,80,6
1,80,6
6,79,6
3,78,6
4,79,6
3,79,6
8,79,6
6,80,6
5,79,6
5,78,6
9,80,6
10,79,6
10,80,6
1,78,6
11,82,6
12,81,6
13,83,6
12,83,6
11,81,6
13,83,6
14,82,6
13,81,6
12,83,6
11,82,6
14,82,6
11,83,6
14,83,6
13,83,6
14,83,6
13,81,6
14,83,6
14,81,6
11,83,6
13,82,6
14,83,6
11,82,6
14,82,6
11,82,6
12,82,6
13,82,6
12,83,6
12,82,6
14,83,6
11,81,6
12,81,6
12,83,6
11,82,6
13,83,6
13,83,6
12,82,6
12,81,6
11,81,6
12,82,6
12,82,6
15,86,6
18,85,6
17,87,6
17,87,6
17,86,6
15,84,6
17,86,6
15,86,6
18,84,6
18,85,6
15,84,6
15,85,6
16,84,6
16,86,6
17,85,6
17,86,6
17,87,6
15,86,6
18,84,6
15,85,6
18,87,6
15,84,6
16,86,6
15,84,6
15,84,6
16,84,6
18,85,6
16,87,6
17,87,6
17,84,6
15,85,6
15,84,6
17,87,6
15,85,6
17,87,6
17,86,6
16,84,6
18,87,6
17,87,6
18,86,6
20,89,6
21,91,6
22,90,6
22,91,6
19,91,6
19,89,6
19,90,6
20,90,6
20,91,6
22,91,6
20,89,6
21,90,6
19,90,6
22,89,6
21,88,6
21,90,6
20,89,6
20,89,6
20,90,6
19,91,6
19,89,6
21,91,6
19,90,6
22,88,6
20,91,6
19,88,6
19,89,6
20,90,6
22,88,6
19,91,6
21,89,6
21,90,6
19,89,6
19,89,6
22,89,6
19,89,6
19,91,6
21,89,6
21,88,6
21,91,6
24,92,6
25,93,6
24,94,6
25,93,6
23,93,6
25,94,6
23,94,6
25,92,6
23,94,6
24,92,6
23,93,6
23,92,6
23,94,6
25,93,6
25,93,6
23,92,6
25,94,6
24,92,6
24,92,6
25,92,6
25,93,6
25,92,6
25,94,6
25,93,6
23,93,6
24,92,6
23,94,6
25,93,6
25,93,6
24,94,6
25,94,6
25,93,6
25,93,6
23,92,6
24,92,6
23,94,6
24,94,6
23,94,6
23,92,6
23,93,6
27,97,6
26,96,6
27,95,6
27,95,6
26,96,6
27,97,6
26,96,6
28,95,6
26,96,6
27,96,6
27,95,6
27,97,6
27,97,6
28,95,6
26,97,6
26,96,6
26,95,6
27,97,6
26,95,6
28,97,6
28,96,6
28,97,6
26,96,6
27,97,6
28,95,6
28,97,6
27,96,6
28,95,6
26,97,6
28,95,6
28,96,6
27,96,6
28,96,6
28,95,6
27,95,6
26,97,6
28,96,6
26,96,6
26,97,6
28,96,6
7,72,7
4,75,7
2,74,7
7,70,7
4,75,7
4,72,7
7,75,7
9,70,7
4,71,7
5,71,7
1,73,7
7,70,7
10,70,7
2,75,7
2,71,7
3,72,7
3,75,7
6,70,7
9,75,7
3,75,7
3,75,7
6,70,7
4,75,7
4,73,7
3,73,7
4,70,7
7,75,7
2,71,7
8,71,7
4,71,7
4,72,7
1,73,7
8,74,7
6,72,7
5,71,7
9,73,7
5,70,7
4,72,7
2,70,7
4,74,7
12,79,7
11,76,7
11,76,7
13,79,7
11,78,7
12,79,7
14,78,7
13,76,7
14,79,7
13,80,7
13,78,7
12,78,7
11,77,7
12,76,7
12,78,7
11,78,7
14,78,7
12,79,7
14,79,7
14,78,7
13,80,7
12,80,7
11,79,7
14,76,7
11,80,7
13,80,7
13,79,7
12,80,7
14,76,7
12,79,7
11,78,7
11,80,7
13,78,7
11,78,7
12,79,7
13,79,7
11,78,7
12,80,7
13,80,7
12,76,7
16,81,7
17,82,7
16,83,7
18,83,7
15,82,7
15,84,7
16,81,7
15,83,7
18,83,7
16,83,7
17,83,7
17,83,7
17,82,7
17,83,7
17,83,7
15,83,7
18,84,7
18,83,7
18,81,7
15,83,7
17,82,7
17,82,7
16,84,7
18,82,7
18,81,7
16,82,7
15,82,7
18,82,7
16,82,7
17,81,7
16,81,7
18,81,7
15,84,7
18,84,7
18,84,7
17,81,7
15,83,7
17,81,7
16,81,7
17,83,7
19,88,7
20,85,7
20,86,7
19,85,7
19,86,7
22,88,7
19,85,7
19,86,7
21,85,7
21,87,7
21,88,7
20,88,7
20,87,7
19,88,7
20,85,7
21,87,7
20,85,7
21,88,7
21,88,7
19,85,7
19,86,7
19,86,7
19,85,7
22,85,7
21,85,7
22,88,7
20,88,7
21,87,7
22,86,7
20,87,7
20,85,7
19,88,7
22,85,7
20,88,7
21,88,7
21,87,7
22,86,7
21,85,7
20,88,7
22,88,7
25,90,7
25,90,7
25,89,7
23,90,7
25,91,7
25,90,7
25,90,7
25,89,7
25,89,7
25,90,7
24,90,7
25,89,7
24,91,7
24,89,7
23,90,7
25,90,7
25,90,7
23,91,7
25,91,7
24,90,7
25,89,7
24,89,7
25,91,7
25,90,7
25,91,7
24,90,7
25,91,7
23,89,7
25,91,7
23,90,7
24,90,7
25,91,7
25,89,7
24,89,7
24,89,7
25,90,7
24,91,7
24,89,7
24,91,7
24,89,7
28,92,7
27,93,7
28,93,7
26,92,7
27,93,7
28,93,7
26,92,7
26,92,7
26,94,7
28,93,7
26,94,7
26,93,7
26,93,7
27,94,7
28,92,7
26,93,7
28,92,7
28,93,7
27,92,7
27,94,7
27,92,7
27,94,7
28,93,7
26,94,7
26,94,7
27,92,7
26,93,7
27,93,7
28,93,7
27,92,7
26,94,7
28,92,7
26,92,7
27,94,7
26,92,7
28,92,7
28,94,7
27,92,7
28,94,7
26,92,7
30,96,7
30,96,7
29,97,7
30,97,7
29,95,7
30,95,7
30,96,7
29,97,7
29,98,7
30,96,7
29,95,7
29,96,7
29,97,7
29,98,7
29,98,7
30,95,7
30,97,7
30,97,7
30,97,7
29,95,7
29,95,7
29,95,7
30,97,7
30,96,7
29,95,7
30,97,7
30,95,7
30,95,7
30,97,7
30,97,7
29,96,7
29,95,7
30,98,7
29,95,7
30,95,7
29,95,7
29,95,7
30,96,7
30,95,7
29,98,7
9,67,8
4,66,8
3,67,8
7,67,8
1,67,8
9,66,8
5,67,8
4,65,8
8,66,8
1,65,8
3,68,8
3,67,8
9,67,8
2,67,8
5,65,8
5,68,8
3,67,8
9,66,8
8,66,8
9,65,8
1,67,8
4,68,8
10,65,8
4,66,8
9,67,8
10,68,8
1,68,8
2,67,8
10,66,8
2,65,8
3,68,8
7,68,8
8,66,8
6,67,8
10,68,8
8,65,8
4,67,8
1,68,8
4,66,8
6,66,8
12,70,8
13,69,8
12,68,8
11,69,8
11,69,8
12,68,8
11,70,8
13,69,8
12,69,8
11,70,8
11,69,8
14,70,8
14,70,8
13,68,8
13,68,8
11,69,8
14,69,8
14,70,8
14,69,8
14,70,8
14,70,8
14,70,8
11,68,8
13,68,8
12,68,8
14,70,8
13,70,8
13,70,8
14,69,8
12,70,8
12,69,8
11,69,8
12,70,8
14,69,8
12,68,8
11,69,8
13,70,8
14,70,8
11,70,8
12,70,8
15,71,8
15,72,8
15,74,8
18,73,8
15,71,8
18,73,8
18,74,8
17,74,8
17,74,8
18,74,8
18,72,8
17,72,8
18,73,8
15,72,8
17,74,8
15,74,8
17,72,8
17,71,8
15,73,8
18,73,8
15,73,8
15,73,8
16,71,8
16,72,8
16,72,8
17,72,8
15,74,8
17,74,8
18,74,8
17,71,8
15,72,8
17,72,8
17,72,8
17,72,8
17,73,8
17,71,8
15,73,8
18,72,8
15,72,8
18,74,8
19,78,8
19,76,8
21,76,8
22,77,8
22,77,8
19,77,8
20,76,8
22,78,8
20,75,8
22,75,8
22,76,8
19,75,8
19,75,8
20,78,8
19,76,8
20,76,8
22,75,8
21,77,8
21,78,8
20,77,8
20,75,8
22,78,8
20,78,8
21,77,8
20,78,8
19,78,8
20,75,8
19,75,8
22,76,8
20,75,8
21,76,8
22,75,8
19,75,8
22,76,8
20,76,8
19,75,8
20,78,8
22,77,8
19,76,8
20,76,8
25,79,8
25,83,8
25,82,8
25,79,8
23,82,8
25,79,8
25,79,8
24,82,8
24,82,8
24,83,8
25,79,8
25,79,8
23,80,8
25,82,8
25,82,8
23,82,8
23,80,8
25,81,8
23,81,8
23,80,8
24,79,8
23,81,8
25,81,8
25,80,8
25,82,8
25,83,8
24,81,8
25,80,8
25,79,8
25,81,8
25,83,8
23,81,8
24,82,8
23,83,8
23,80,8
24,81,8
25,79,8
25,81,8
25,81,8
25,79,8
27,84,8
27,85,8
26,89,8
28,87,8
26,85,8
27,85,8
28,88,8
26,85,8
28,88,8
28,88,8
27,88,8
26,85,8
28,85,8
27,89,8
27,87,8
27,84,8
27,87,8
27,89,8
27,87,8
28,87,8
27,89,8
28,89,8
26,86,8
28,85,8
26,84,8
28,88,8
27,85,8
26,88,8
26,86,8
27,86,8
27,88,8
26,86,8
26,87,8
27,86,8
26,85,8
28,86,8
28,85,8
26,84,8
26,85,8
27,86,8
29,90,8
30,91,8
29,91,8
30,90,8
29,94,8
29,93,8
30,93,8
30,92,8
30,91,8
29,91,8
29,90,8
29,94,8
30,92,8
29,94,8
30,92,8
30,93,8
30,94,8
30,91,8
29,94,8
29,91,8
29,91,8
29,93,8
29,92,8
29,93,8
30,93,8
30,91,8
30,94,8
29,92,8
29,94,8
30,90,8
29,92,8
29,91,8
30,92,8
29,91,8
30,92,8
30,93,8
29,94,8
29,93,8
30,94,8
29,94,8
33,95,8
32,97,8
33,97,8
33,95,8
31,96,8
31,98,8
33,96,8
32,95,8
33,95,8
31,98,8
31,97,8
33,95,8
32,95,8
32,97,8
32,96,8
32,97,8
31,95,8
32,98,8
31,98,8
33,98,8
32,96,8
31,98,8
33,97,8
32,95,8
31,97,8
31,95,8
31,95,8
32,96,8
32,98,8
31,97,8
33,97,8
33,96,8
31,96,8
32,95,8
33,96,8
32,95,8
32,96,8
33,96,8
32,97,8
33,95,8
